[ 6880.694978] [Project1] 6531 1588153594.103036500 1588153594.974210067
[ 6882.258999] [Project1] 6532 1588153595.673481701 1588153596.538269832
[ 6883.859599] [Project1] 6541 1588153597.246389636 1588153598.138908136
[ 6885.425746] [Project1] 6542 1588153598.803260639 1588153599.705091712
[ 6886.981316] [Project1] 6543 1588153600.364224257 1588153601.260699318
[ 6888.576305] [Project1] 6553 1588153601.931508598 1588153602.855725118
[ 6890.099235] [Project1] 6554 1588153603.492506035 1588153604.378691046
[ 6891.658726] [Project1] 6555 1588153605.055946326 1588153605.938220358
[ 6893.247934] [Project1] 6565 1588153606.614924391 1588153607.527465391
[ 6894.815267] [Project1] 6566 1588153608.173929588 1588153609.094827373
